45399
44140
44145
44147
44204
44150
44207
44151
44139
44160
44210
44213
1007455
1007463
44205
44156
44155
45121
44158
1007468
44212
44211
44157
44320
1007506
44188
44141
44345
45825
45805
44146
44340
45110
44346
45395
44208
57307
44605
45563
44144
44143
50810
99505
88304
44206
44604
1007503
44322
45126
44389
44403
44391
44405
44388
44406
44404
44408
44402
44390
44401
44407
44394
44392
51597
58240
4165F
77338
1022243
77386
77385
848
1007599
45112
45119
1007604
45123
45111
45116
1007608
45113
45120
1029723
37243
61626
C4052114
C4052112
C4052110
C5411520
C4051827
C4052381
C5411522
C5411524
C1504122
C1971497
0395T
77770
77772
77771
19298
1020206
45172
45171
0184T
844
77435
77373
45349
45390
43254
43211
43620
43775
43632
43631
43621
43635
43633
43622
43634
43845
43860
43865
1007413
1007359
1007363
1007316
43340
43341
43825
48547
43820
1007395
43112
1007226
1007223
43288
43124
1007234
43287
43116
1007323
1007230
43286
43107
43122
43121
43108
43113
43360
43123
43117
43118
43361
77799
1013468
1013466
96570
96571
96567
96573
96574
792
1007816
47133
47140
47141
1007806
47142
47122
47120
47125
47130
47382
47383
47380
47381
47371
47370
1007840
1007835
32701
47600
1014153
47562
47563
47564
47605
47610
1014154
47145
47144
47612
47620
1007820
47143
1007923
1007926
48152
48150
48154
48153
44132
1007447
44133
1007438
44125
44120
44202
1007442
44121
44127
44126
44128